				count	mean			std			min			25%			50%			75%			max

stay
ebitdaMargins	491.0	0.244446	0.187029	-0.694850	0.136500	0.226470	0.356710	0.906300
profitMargins	491.0	0.132773	0.190353	-1.369510	0.066170	0.123020	0.209150	1.404750
grossMargins	491.0	0.431673	0.238878	-0.430510	0.279575	0.431750	0.596685	1.000000
revenueGrowth	490.0	0.397294	0.840425	-0.998000	0.093500	0.211500	0.378000	10.554000
operatingMargins	491.0	-0.058256	3.484888	-61.771800	0.113725	0.184200	0.266800	0.647680
returnOnAssets	489.0	0.061311	0.055949	-0.129520	0.025100	0.050720	0.087110	0.296530
beta	488.0	1.117281	0.538496	-0.079148	0.785228	1.074780	1.385663	4.938864


log transform
currentRatio	465.0	2.082774	4.208410	0.092000	1.012000	1.414000	2.064000	80.168000
debtToEquity	446.0	178.948202	397.220074	0.352000	47.131250	84.560500	154.708750	4755.983000
quickRatio	465.0	1.495077	4.010808	0.004000	0.585000	0.981000	1.518000	80.168000
shortRatio	491.0	3.460794	2.228701	0.850000	2.080000	2.760000	3.995000	15.240000


norm transform
returnOnEquity	472.0	0.553679	3.051164	-4.469200	0.076565	0.154355	0.286265	40.818558
enterpriseToRevenue	491.0	7.889369	29.064340	-6.167000	2.020000	4.090000	7.240000	501.577000
enterpriseToEbitda	461.0	20.381837	25.799751	-106.220000	10.735000	15.713000	24.327000	247.249000
forwardEps	479.0	9.152171	19.653560	-0.480000	3.425000	5.830000	9.850000	366.720000
trailingEps	480.0	6.081784	16.459600	-25.423000	1.658250	3.722000	7.012250	248.326000
priceToBook	457.0	10.460814	26.015736	0.522544	2.201110	4.174600	8.807115	322.986480
pegRatio	487.0	3.066797	26.444162	-52.000000	0.800000	1.610000	2.860000	553.100000
forwardPE	479.0	27.195901	52.220332	-280.142850	13.658700	18.971504	29.556671	918.333300
trailingPE	422.0	75.331378	597.770103	3.603543	18.332362	28.724029	44.083915	12205.000000
payoutRatio	468.0	0.554540	2.312739	0.000000	0.051025	0.299450	0.580675	48.083300





discard
earningsGrowth	378.0	4.822963	49.128476	-0.945000	0.065750	0.437500	1.120500	938.595000